0.7659575
0.87234044
0.70212764
0.80851066
0.70212764
0.85106385
0.7659575
0.7234042
0.7659575
0.7659575
0.7659575
0.78723407
0.87234044
0.7446808
0.82978725
0.7234042
0.80851066
0.7659575
0.70212764
0.85106385
0.78723407
0.80851066
0.7446808
0.78723407
0.82978725
0.82978725
0.7446808
0.78723407
0.80851066
0.82978725
0.82978725
0.70212764
0.7234042
0.70212764
0.7446808
0.78723407
0.82978725
0.82978725
0.78723407
0.78723407
0.7659575
0.80851066
0.7446808
0.82978725
0.7234042
0.7234042
0.7659575
0.70212764
0.78723407
0.7234042
0.80851066
0.82978725
0.7446808
0.78723407
0.80851066
0.7659575
0.78723407
0.7234042
0.78723407
0.7234042
0.63829786
0.82978725
0.70212764
0.7659575
0.7659575
0.80851066
0.80851066
0.68085104
0.7659575
0.87234044
0.7659575
0.70212764
0.7659575
0.7446808
0.7659575
0.7659575
0.7659575
0.78723407
0.7234042
0.7659575
0.78723407
0.7659575
0.78723407
0.82978725
0.80851066
0.80851066
0.7659575
0.7234042
0.82978725
0.82978725
0.78723407
0.78723407
0.80851066
0.70212764
0.78723407
0.78723407
0.7446808
0.80851066
0.7659575
0.85106385
0.7659575
0.78723407
0.7446808
0.78723407
0.7659575
0.7659575
0.70212764
0.7659575
0.80851066
0.7446808
0.7659575
0.70212764
0.7659575
0.7234042
0.78723407
0.7659575
0.65957445
0.65957445
0.7446808
0.7659575
0.7234042
0.7659575
0.70212764
0.7446808
0.7234042
0.7659575
0.7446808
0.7659575
0.78723407
0.7659575
0.80851066
0.80851066
0.82978725
0.82978725
0.78723407
0.78723407
0.7659575
0.85106385
0.7234042
0.82978725
0.7234042
0.80851066
0.63829786
0.7446808
0.80851066
0.80851066
0.7446808
0.7659575
0.78723407
0.7659575
0.7659575
0.80851066
0.70212764
0.7659575
0.70212764
0.85106385
0.70212764
0.80851066
0.78723407
0.80851066
0.78723407
0.7446808
0.80851066
0.78723407
0.78723407
0.87234044
0.7659575
0.7234042
0.80851066
0.7446808
0.7446808
0.7659575
0.80851066
0.82978725
0.7659575
0.80851066
0.80851066
0.82978725
0.7659575
0.82978725
0.7446808
0.80851066
0.78723407
0.80851066
0.7446808
0.7659575
0.7234042
0.7234042
0.7659575
0.7659575
0.78723407
0.78723407
0.82978725
0.7659575
0.7446808
0.7446808
0.7234042
0.7659575
0.7446808
0.78723407
0.80851066
0.70212764
0.80851066
0.7234042
0.7659575
0.80851066
0.80851066
0.80851066
0.7234042
0.7446808
0.70212764
0.7446808
0.7659575
0.78723407
0.78723407
0.7234042
0.7234042
0.78723407
0.85106385
0.82978725
0.85106385
0.70212764
0.82978725
0.7234042
0.82978725
0.68085104
0.7659575
0.7659575
0.7446808
0.78723407
0.78723407
0.70212764
0.70212764
0.7659575
0.7659575
0.7659575
0.7234042
0.7659575
0.82978725
0.7659575
0.80851066
0.78723407
0.7659575
0.85106385
0.80851066
0.7659575
0.7234042
0.78723407
0.7446808
0.7234042
0.78723407
0.82978725
0.7234042
0.78723407
0.78723407
0.78723407
0.68085104
0.78723407
0.7234042
0.7234042
0.80851066
0.7659575
0.7659575
0.7234042
0.80851066
0.68085104
0.7659575
0.78723407
0.7234042
0.70212764
0.7659575
0.85106385
0.7446808
0.7446808
0.80851066
0.7234042
0.80851066
0.7659575
0.78723407
0.70212764
0.7659575
0.7659575
0.78723407
0.7234042
0.70212764
0.78723407
0.7659575
0.7659575
0.82978725
0.7659575
0.80851066
0.7659575
0.7234042
0.68085104
0.82978725
0.7234042
0.7659575
0.82978725
0.78723407
0.80851066
0.70212764
0.82978725
0.7659575
0.7234042
0.7446808
0.7234042
0.7659575
0.80851066
0.7446808
0.7659575
0.7659575
0.80851066
0.7659575
0.7659575
0.7446808
0.78723407
0.7446808
0.82978725
0.7234042
0.7234042
0.7234042
0.70212764
0.80851066
0.63829786
0.82978725
0.7659575
0.78723407
0.7446808
0.7659575
0.7446808
0.80851066
0.80851066
0.7446808
0.80851066
0.80851066
0.82978725
0.82978725
0.78723407
0.7659575
0.78723407
0.80851066
0.85106385
0.82978725
0.7234042
0.7446808
0.82978725
0.7446808
0.78723407
0.63829786
0.70212764
0.7659575
0.68085104
0.80851066
0.80851066
0.80851066
0.78723407
0.63829786
0.7659575
0.7234042
0.7446808
0.78723407
0.80851066
0.70212764
0.80851066
0.82978725
0.78723407
0.7659575
0.78723407
0.78723407
0.78723407
0.82978725
0.7659575
0.82978725
0.7659575
0.82978725
0.7659575
0.7446808
0.78723407
0.7446808
0.7234042
0.7234042
0.85106385
0.82978725
0.82978725
0.78723407
0.80851066
0.70212764
0.82978725
0.7659575
0.7446808
0.87234044
0.68085104
0.85106385
0.7659575
0.89361703
0.82978725
0.7234042
0.68085104
0.80851066
0.7446808
0.80851066
0.7446808
0.7446808
0.7234042
0.78723407
0.7446808
0.80851066
0.78723407
0.80851066
0.80851066
0.7234042
0.7446808
0.7659575
0.68085104
0.7446808
0.7659575
0.7234042
0.78723407
0.78723407
0.80851066
0.7234042
0.78723407
0.7446808
0.7659575
0.7446808
0.78723407
0.7659575
0.7659575
0.78723407
0.80851066
0.7446808
0.82978725
0.7234042
0.70212764
0.78723407
0.7446808
0.78723407
0.7659575
0.70212764
0.61702126
0.7234042
0.85106385
0.7234042
0.7659575
0.80851066
0.80851066
0.7659575
0.78723407
0.7659575
0.80851066
0.7234042
0.78723407
0.78723407
0.7234042
0.70212764
0.80851066
0.7659575
0.70212764
0.78723407
0.7659575
0.7446808
0.7659575
0.7446808
0.82978725
0.78723407
0.78723407
0.7446808
0.80851066
0.7234042
0.70212764
0.78723407
0.78723407
0.7234042
0.7659575
0.78723407
0.7446808
0.82978725
0.78723407
0.80851066
0.7446808
0.7659575
0.7659575
0.7234042
0.7659575
0.85106385
0.7659575
0.7446808
0.7446808
0.7446808
0.7659575
0.7659575
0.7659575
0.70212764
0.78723407
0.7446808
0.78723407
0.7446808
0.7446808
0.82978725
0.70212764
--------------------------------------
Mean accuracy value = 0.7694893680400049