0.82978725
0.89361703
0.85106385
0.85106385
0.7659575
0.85106385
0.7446808
0.7446808
0.80851066
0.85106385
0.85106385
0.82978725
0.85106385
0.70212764
0.82978725
0.7659575
0.87234044
0.80851066
0.7446808
0.9361702
0.82978725
0.82978725
0.80851066
0.7659575
0.85106385
0.87234044
0.85106385
0.78723407
0.80851066
0.82978725
0.78723407
0.7659575
0.7659575
0.7659575
0.7659575
0.82978725
0.82978725
0.82978725
0.82978725
0.85106385
0.89361703
0.87234044
0.82978725
0.80851066
0.85106385
0.78723407
0.80851066
0.85106385
0.85106385
0.85106385
0.82978725
0.87234044
0.82978725
0.7234042
0.89361703
0.82978725
0.85106385
0.78723407
0.85106385
0.7446808
0.70212764
0.85106385
0.78723407
0.85106385
0.80851066
0.9148936
0.89361703
0.7234042
0.85106385
0.89361703
0.87234044
0.7659575
0.82978725
0.78723407
0.82978725
0.7659575
0.87234044
0.7659575
0.7659575
0.80851066
0.82978725
0.78723407
0.78723407
0.80851066
0.87234044
0.85106385
0.85106385
0.87234044
0.85106385
0.87234044
0.80851066
0.80851066
0.78723407
0.68085104
0.85106385
0.85106385
0.7659575
0.85106385
0.85106385
0.82978725
0.9148936
0.85106385
0.82978725
0.85106385
0.78723407
0.78723407
0.80851066
0.82978725
0.80851066
0.80851066
0.80851066
0.7659575
0.80851066
0.7446808
0.85106385
0.85106385
0.7446808
0.89361703
0.85106385
0.82978725
0.82978725
0.87234044
0.78723407
0.87234044
0.85106385
0.85106385
0.7659575
0.87234044
0.78723407
0.7659575
0.80851066
0.80851066
0.82978725
0.87234044
0.78723407
0.78723407
0.82978725
0.89361703
0.82978725
0.9148936
0.85106385
0.85106385
0.78723407
0.78723407
0.89361703
0.85106385
0.82978725
0.7659575
0.85106385
0.82978725
0.78723407
0.85106385
0.82978725
0.87234044
0.78723407
0.87234044
0.7446808
0.89361703
0.78723407
0.82978725
0.78723407
0.7659575
0.7659575
0.85106385
0.87234044
0.89361703
0.89361703
0.7659575
0.87234044
0.87234044
0.78723407
0.80851066
0.80851066
0.82978725
0.82978725
0.85106385
0.78723407
0.80851066
0.85106385
0.82978725
0.7446808
0.85106385
0.80851066
0.85106385
0.7659575
0.80851066
0.80851066
0.78723407
0.7234042
0.78723407
0.85106385
0.7446808
0.87234044
0.82978725
0.78723407
0.87234044
0.78723407
0.78723407
0.78723407
0.80851066
0.80851066
0.78723407
0.85106385
0.87234044
0.82978725
0.85106385
0.82978725
0.82978725
0.7446808
0.85106385
0.82978725
0.7659575
0.78723407
0.82978725
0.82978725
0.85106385
0.85106385
0.89361703
0.85106385
0.80851066
0.85106385
0.82978725
0.89361703
0.80851066
0.89361703
0.89361703
0.80851066
0.82978725
0.78723407
0.85106385
0.85106385
0.7659575
0.80851066
0.82978725
0.82978725
0.80851066
0.85106385
0.82978725
0.87234044
0.85106385
0.85106385
0.78723407
0.82978725
0.87234044
0.80851066
0.78723407
0.80851066
0.80851066
0.85106385
0.80851066
0.87234044
0.87234044
0.85106385
0.80851066
0.9148936
0.9148936
0.80851066
0.87234044
0.78723407
0.87234044
0.82978725
0.82978725
0.80851066
0.80851066
0.80851066
0.78723407
0.78723407
0.80851066
0.7659575
0.87234044
0.80851066
0.82978725
0.85106385
0.80851066
0.82978725
0.80851066
0.80851066
0.80851066
0.87234044
0.78723407
0.80851066
0.80851066
0.85106385
0.82978725
0.85106385
0.80851066
0.80851066
0.89361703
0.82978725
0.78723407
0.87234044
0.85106385
0.89361703
0.80851066
0.87234044
0.70212764
0.78723407
0.89361703
0.87234044
0.82978725
0.82978725
0.85106385
0.80851066
0.7659575
0.87234044
0.82978725
0.78723407
0.85106385
0.80851066
0.82978725
0.80851066
0.82978725
0.87234044
0.87234044
0.82978725
0.82978725
0.85106385
0.80851066
0.7446808
0.7659575
0.87234044
0.82978725
0.85106385
0.7234042
0.80851066
0.7659575
0.82978725
0.7659575
0.80851066
0.7659575
0.85106385
0.85106385
0.7659575
0.82978725
0.82978725
0.85106385
0.80851066
0.78723407
0.85106385
0.7659575
0.82978725
0.85106385
0.87234044
0.80851066
0.78723407
0.89361703
0.82978725
0.87234044
0.7659575
0.78723407
0.80851066
0.82978725
0.87234044
0.85106385
0.80851066
0.87234044
0.80851066
0.80851066
0.78723407
0.7446808
0.89361703
0.7659575
0.7659575
0.82978725
0.85106385
0.89361703
0.80851066
0.82978725
0.80851066
0.80851066
0.80851066
0.85106385
0.85106385
0.7446808
0.85106385
0.82978725
0.82978725
0.80851066
0.82978725
0.78723407
0.78723407
0.87234044
0.87234044
0.80851066
0.80851066
0.82978725
0.82978725
0.85106385
0.87234044
0.82978725
0.89361703
0.78723407
0.80851066
0.82978725
0.87234044
0.87234044
0.7659575
0.7446808
0.82978725
0.70212764
0.82978725
0.80851066
0.78723407
0.7659575
0.85106385
0.82978725
0.7659575
0.87234044
0.87234044
0.85106385
0.82978725
0.78723407
0.80851066
0.78723407
0.78723407
0.78723407
0.80851066
0.78723407
0.82978725
0.82978725
0.89361703
0.85106385
0.80851066
0.80851066
0.87234044
0.87234044
0.80851066
0.82978725
0.7659575
0.89361703
0.80851066
0.82978725
0.80851066
0.7446808
0.7659575
0.78723407
0.85106385
0.85106385
0.82978725
0.7234042
0.78723407
0.85106385
0.7659575
0.82978725
0.87234044
0.89361703
0.80851066
0.85106385
0.82978725
0.85106385
0.78723407
0.82978725
0.80851066
0.82978725
0.7659575
0.80851066
0.82978725
0.82978725
0.87234044
0.80851066
0.7659575
0.89361703
0.80851066
0.80851066
0.87234044
0.80851066
0.80851066
0.82978725
0.82978725
0.78723407
0.87234044
0.78723407
0.82978725
0.85106385
0.85106385
0.87234044
0.82978725
0.9148936
0.85106385
0.78723407
0.78723407
0.7659575
0.82978725
0.78723407
0.80851066
0.82978725
0.78723407
0.78723407
0.78723407
0.80851066
0.7446808
0.82978725
0.82978725
0.80851066
0.85106385
0.85106385
0.85106385
0.85106385
0.7659575
0.7659575
